downtown 291,-850,400;-100,-850,400
strawberry 100,-1700,650
ves -1600,-900,550;-1200,-1300,520;-1000,-770,215;-1800,-550,475
normal -1600,-900,550;-1200,-1300,520;-1000,-770,215;-1800,-550,475
vesdelext -1150,-770,825;-600,-1300,250;-1200,-1600,300;-1900,-400,300
lseast 1000,-400,450;1000,-900,450;1220,-2200,600;850,-1755,200;1650,-1600,350;1900,-1150,250;1000,-1300,400
lsnorth -270,-190,220;-250,250,500;-1000,300,560;-650,770,200;250,260,600
paleto -700,5840,350;-400,6200,350;0,6500,350;400,6550,200;200,6900,250
delext -1850,-400,400;-1300,-450,450;-850,-250,200;-780,-400,200;-1750,-1000,300
vesext -420,-1250,80;-500,-1100,150;-500,-950,150;-500,-800,150;-560,-640,200;-830,-820,350;-1250,-1700,240;-1100,-1130,550;-650,-1450,300;-1700,-1150,200
lc1 6291,-3800,440